   7       0 loop0 0 0 0 0 0 0 0 0 0 0 0
   7       1 loop1 0 0 0 0 0 0 0 0 0 0 0
   7       2 loop2 0 0 0 0 0 0 0 0 0 0 0
   7       3 loop3 0 0 0 0 0 0 0 0 0 0 0
   7       4 loop4 0 0 0 0 0 0 0 0 0 0 0
   7       5 loop5 0 0 0 0 0 0 0 0 0 0 0
   7       6 loop6 0 0 0 0 0 0 0 0 0 0 0
   7       7 loop7 0 0 0 0 0 0 0 0 0 0 0
 179       0 mmcblk0 7208 13341 687007 42660 4623 4728 170704 285790 0 51760 328430
 179       1 mmcblk0p1 0 0 0 0 0 0 0 0 0 0 0
 179       2 mmcblk0p2 41 164 1634 70 17 1 144 200 0 230 270
 179       3 mmcblk0p3 41 164 1634 70 17 1 144 180 0 230 250
 179       4 mmcblk0p4 12 3 114 0 0 0 0 0 0 0 0
 179       5 mmcblk0p5 2748 442 244578 17910 28 13 328 1240 0 7310 19130
 179       6 mmcblk0p6 63 188 2002 50 52 41 768 140 0 120 190
 179       7 mmcblk0p7 3951 7245 423970 23480 4509 4672 169320 284030 0 48520 307450
 179       8 mmcblk0p8 338 5135 12963 1080 0 0 0 0 0 990 1080
 179      64 mmcblk0boot1 11 0 88 0 0 0 0 0 0 0 0
 179      32 mmcblk0boot0 11 0 88 10 0 0 0 0 0 10 10
 179      96 mmcblk1 3221 25002 92732 6000 2268 1573 20020 78010 0 21240 83980
 179      97 mmcblk1p1 3193 25002 92508 5990 2267 1573 20012 78000 0 21220 83960
 179      98 mmcblk1p2 10 0 80 0 0 0 0 0 0 0 0
 179      99 mmcblk1p3 7 0 56 10 1 0 8 10 0 20 20
 254       0 dm-0 109 0 2850 770 4 0 32 0 0 150 770
 254       1 dm-1 129 0 4594 1200 4 0 32 0 0 220 1200
 254       2 dm-2 66 0 730 600 5 0 40 20 0 50 620
 254       3 dm-3 59 0 1290 650 4 0 32 0 0 90 650
 254       5 dm-5 107 0 1586 580 4 0 32 20 0 70 600
 254       6 dm-6 86 0 4586 680 4 0 32 0 0 220 680
 254       7 dm-7 95 0 3674 620 4 0 32 0 0 190 620
   7       8 loop8 0 0 0 0 0 0 0 0 0 0 0
 254       8 dm-8 106 0 1730 840 4 0 32 0 0 70 840
